spawn:
  world: Spawn
  x: 0.5208486293030594
  y: 65.0
  z: 0.6506475563082426
  yaw: 0.04699707
  pitch: 3.1505218
firstspawn:
  world: Spawn
  x: 0.5208486293030594
  y: 65.0
  z: 0.6506475563082426
  yaw: 0.04699707
  pitch: 3.1505218
