world: 8a21e7bb-647d-40f5-929e-13ac2de1ccc3
world-name: Spawn
x: 41.720950906536764
y: 64.0
z: 53.42855320597562
yaw: -88.88088989257812
pitch: 0.910702645778656
name: auction_house
lastowner: 21a5d258-ad73-4cde-8511-2296e11b3f63
