world: 8a21e7bb-647d-40f5-929e-13ac2de1ccc3
world-name: Spawn
x: -74.74383836663529
y: 64.0
z: 11.53597868691263
yaw: 91.2713623046875
pitch: 6.76071310043335
name: bartender
lastowner: 21a5d258-ad73-4cde-8511-2296e11b3f63
