world: 8a21e7bb-647d-40f5-929e-13ac2de1ccc3
world-name: Spawn
x: 75.77164231273191
y: 55.0
z: 85.93324668594026
yaw: -46.5706787109375
pitch: 1.3606942892074585
name: bounties
lastowner: 21a5d258-ad73-4cde-8511-2296e11b3f63
