world: 8a21e7bb-647d-40f5-929e-13ac2de1ccc3
world-name: Spawn
x: -2.40880139735149
y: 63.0
z: 14.487931502919263
yaw: 46.695770263671875
pitch: 4.500541687011719
name: daily_rewards
lastowner: 21a5d258-ad73-4cde-8511-2296e11b3f63
