world: 8a21e7bb-647d-40f5-929e-13ac2de1ccc3
world-name: Spawn
x: -52.75639001595293
y: 58.0
z: -2.4961455329538933
yaw: 155.29818725585938
pitch: 3.000544548034668
name: jobs
lastowner: 21a5d258-ad73-4cde-8511-2296e11b3f63
