world: 8a21e7bb-647d-40f5-929e-13ac2de1ccc3
world-name: Spawn
x: -24.526689845124583
y: 59.0
z: 99.27986974393936
yaw: -54.079742431640625
pitch: 4.210679054260254
name: kits
lastowner: 21a5d258-ad73-4cde-8511-2296e11b3f63
