world: 9341321b-9503-45be-882a-cfbd9f0dbfae
world-name: Mines
x: -50.62581633436213
y: 86.0
z: 3.5338790705487084
yaw: -179.56201171875
pitch: 9.30044937133789
name: mines
lastowner: 21a5d258-ad73-4cde-8511-2296e11b3f63
