world: 8a21e7bb-647d-40f5-929e-13ac2de1ccc3
world-name: Spawn
x: -42.525580813106615
y: 70.0
z: 64.38587576715734
yaw: 0.64703369140625
pitch: 3.6005430221557617
name: protections
lastowner: 21a5d258-ad73-4cde-8511-2296e11b3f63
