world: 8a21e7bb-647d-40f5-929e-13ac2de1ccc3
world-name: Spawn
x: -45.93428591043308
y: 59.0
z: 92.0583426927326
yaw: 133.41998291015625
pitch: 5.8607048988342285
name: quests
lastowner: 21a5d258-ad73-4cde-8511-2296e11b3f63
