world: 8a21e7bb-647d-40f5-929e-13ac2de1ccc3
world-name: Spawn
x: -70.50964214230021
y: 55.0
z: 99.27313863260099
yaw: 0.669921875
pitch: 3.910696029663086
name: shops
lastowner: 21a5d258-ad73-4cde-8511-2296e11b3f63
