world: 8a21e7bb-647d-40f5-929e-13ac2de1ccc3
world-name: Spawn
x: 89.78602308842625
y: 55.0
z: 6.559319463300016
yaw: -129.37893676757812
pitch: 3.1607089042663574
name: skills
lastowner: 21a5d258-ad73-4cde-8511-2296e11b3f63
